Exponential Smoothing
ECGFiveDays: [0.59138808 0.33528918]
FreezerSmallTrain: [0.49731437 0.88094494]
HouseTwenty: [922.87951742 731.45944634]
InsectEPGRegularTrain: [0.01983328 0.02655652 0.04515651]
ItalyPowerDemand: -1
Lightning7: [0.82489951 0.68205043 1.06274481 0.78033898 0.31194372 3.21264982
 1.69950907]
MoteStrain: [1.1277776  1.10556024]
PowerCons: [1.48657644 3.33801002]
SonyAIBORobotSurface2: [2.24918173 2.79166741]
UWaveGestureLibraryAll: [4.21962104 4.54674842 3.769079   5.38902694 2.03892837 3.26315978
 4.7775087  4.36699765]
