Motion Code
ECGFiveDays: [nan nan]
FreezerSmallTrain: [0.84472437 0.73884855]
HouseTwenty: [548.40364265          nan]
InsectEPGRegularTrain: [0.0918883  0.06540259 0.04745066]
ItalyPowerDemand: [0.50390954 0.67021397]
Lightning7: [0.88466524 0.66269957 1.16060742 1.105984   0.56344755 0.67008156
 1.08193456]
MoteStrain: [0.9783761  0.72383173]
PowerCons: [1.04746022 1.1478958 ]
SonyAIBORobotSurface2: [nan nan]
UWaveGestureLibraryAll: [0.91111641 0.92515827 1.01112524 1.08540113 0.8182235  0.85489816
 0.98961406 0.98812729]
